0 !LEOCAD MODEL AUTHOR goeroeg
0 !LEOCAD MODEL BACKGROUND GRADIENT 0.176471 0.486275 0.701961 1 1 1
1 226 0 -99.4496 -2.8364 1 0 0 0 1 0 0 0 1 3625.dat
1 14 0 -99.4496 -2.8364 1 0 0 0 1 0 0 0 1 3626bp01.dat
0 STEP
1 15 0 -75.3696 -2.8364 1 0 0 0 1 0 0 0 1 973p8y.dat
1 334 0 -75.3696 -2.8364 1 0 0 0 1 0 0 0 1 93250.dat
0 STEP
1 15 -15.5 -67.3696 -2.8364 0.985435 -0.170055 0 0.170055 0.985435 0 0 0 1 3818.dat
0 STEP
1 14 -23.6582 -49.4967 -12.8364 0.985435 -0.120247 0.120247 0.170055 0.696808 -0.696807 0 0.707107 0.707107 3820.dat
0 STEP
1 15 15.5001 -67.3696 -2.8364 0.985435 0.170055 0 -0.170055 0.985435 0 0 0 1 3819.dat
0 STEP
1 14 23.6583 -49.4967 -12.8364 0.985435 0.120247 -0.120247 -0.170055 0.696808 -0.696807 0 0.707107 0.707107 3820.dat
0 STEP
1 15 0 -43.3696 -2.8364 -1 0 0 0 1 0 0 0 -1 3678a.dat
