0 !LEOCAD MODEL AUTHOR goeroeg
0 !LEOCAD MODEL BACKGROUND GRADIENT 0.176471 0.486275 0.701961 1 1 1
1 6 -4.3999 -50 9.071 0.433013 -0.25 -0.866026 0.499999 0.866026 0 0.75 -0.433012 0.5 87994.dat
1 6 21.1886 -36 4.071 0.5 -0.866025 0 0.866025 0.5 0 0 0 1 87994.dat
1 6 19.8702 0.0269 -9.3034 -0.685257 -0.5625 -0.46262 0.337019 -0.808013 0.483253 -0.645633 0.175241 0.743269 87994.dat
1 6 4.2604 -49.7128 0.7505 1 0 0 0 0.866025 -0.5 0 0.5 0.866025 87994.dat
1 6 9.0809 -41.6699 -4.5892 0.866025 -0.433013 0.25 0.5 0.75 -0.433013 0 0.5 0.866025 87994.dat
