0 !LEOCAD MODEL AUTHOR goeroeg
0 !LEOCAD MODEL BACKGROUND GRADIENT 0.176471 0.486275 0.701961 1 1 1
0 !LEOCAD GROUP BEGIN Minifig #1
1 7 0 -96 10 1 0 0 0 1 0 0 0 1 30381.dat
1 14 0 -96 10 1 0 0 0 1 0 0 0 1 3626bp3q.dat
0 STEP
1 8 0 -72 10 1 0 0 0 1 0 0 0 1 973p4v.dat
0 STEP
1 7 -15.5 -64 10 0.985435 -0.082444 -0.148733 0.170055 0.477748 0.861881 0 -0.87462 0.48481 3818.dat
0 STEP
1 14 -20.5063 -64.3919 -11.4659 0.998849 0.010135 -0.046873 0.002981 0.962399 0.271623 0.047864 -0.27145 0.961262 3820.dat
0 STEP
1 7 15.5 -64 10 0.985435 0.170055 0 -0.170055 0.985435 0 0 0 1 3819.dat
0 STEP
1 14 23.6582 -46.127 0 0.985435 0.120247 -0.120247 -0.170055 0.696808 -0.696808 0 0.707107 0.707107 3820.dat
0 STEP
1 7 0 -40 10 1 0 0 0 1 0 0 0 1 3815.dat
0 STEP
1 7 0 -28 10 1 0 0 0 1 0 0 0 1 3816.dat
0 STEP
1 7 0 -28 10 1 0 0 0 1 0 0 0 1 3817.dat
0 STEP
0 !LEOCAD GROUP END
1 6 -19.9898 -80.5232 -21.239 0.998849 -0.002342 -0.047899 0.002981 0.999907 0.01328 0.047864 -0.013408 0.998764 30374.dat
