0 !LEOCAD MODEL AUTHOR goeroeg
0 !LEOCAD MODEL BACKGROUND GRADIENT 0.176471 0.486275 0.701961 1 1 1
1 0 0 -80 10 1 0 0 0 1 0 0 0 1 92746.dat
1 14 0 -80 10 1 0 0 0 1 0 0 0 1 3626cp8s.dat
0 STEP
1 503 0 -56 10 1 0 0 0 1 0 0 0 1 973pad.dat
0 STEP
1 503 -15.5 -48 10 0.985435 -0.126375 0.113789 0.170055 0.732321 -0.659384 -0 0.66913 0.743145 3818.dat
0 STEP
1 14 -23.9662 -28.3423 15.282 0.985435 -0.0089 0.169822 0.170055 0.051573 -0.984084 -0 0.99863 0.052335 3820.dat
0 STEP
1 503 15.5 -48 10 0.985435 0.169822 -0.0089 -0.170055 0.984084 -0.051574 0 0.052336 0.99863 3819.dat
0 STEP
1 14 23.7428 -29.6369 1.0081 0.964222 0.233036 -0.126375 -0.249146 0.633745 -0.732321 -0.090567 0.737605 0.669131 3820.dat
1 503 25.1819 -21.7682 -5.3175 0.524211 0.192386 -0.829572 -0.807214 0.422612 -0.412074 0.27131 0.885656 0.376835 98372p01.dat
0 STEP
1 7 0 -24 10 1 0 0 0 1 0 0 0 1 41879b.dat
