0 !LEOCAD MODEL AUTHOR goeroeg
0 !LEOCAD MODEL BACKGROUND GRADIENT 0.176471 0.486275 0.701961 1 1 1
1 150 0 -8 0 1 0 0 0 1 0 0 0 1 11213.dat
1 2 0 -16 0 1 0 0 0 1 0 0 0 1 11833.dat
1 2 0 -24 0 1 0 0 0 1 0 0 0 1 11833.dat
1 4 -30 -48 -10 1 0 0 0 1 0 0 0 1 3062b.dat
1 4 30 -48 10 1 0 0 0 1 0 0 0 1 3062b.dat
1 4 10 -48 -30 1 0 0 0 1 0 0 0 1 3062b.dat
1 4 -10 -48 30 1 0 0 0 1 0 0 0 1 3062b.dat
1 4 30 -56 10 1 0 0 0 1 0 0 0 1 20482.dat
1 4 -10 -56 30 1 0 0 0 1 0 0 0 1 20482.dat
1 4 -30 -56 -10 1 0 0 0 1 0 0 0 1 20482.dat
1 4 10 -56 -30 1 0 0 0 1 0 0 0 1 20482.dat
0 STEP
1 46 10 -64 -30 -0.866025 0 0.5 0 1 0 -0.5 0 -0.866025 37775.dat
1 46 30 -64 10 0.5 0 0.866025 0 1 0 -0.866025 0 0.5 37775.dat
1 46 -10 -64 30 0.866025 0 -0.5 0 1 0 0.5 0 0.866025 37775.dat
1 46 -30 -64 -10 -0.5 0 -0.866025 0 1 0 0.866025 0 -0.5 37775.dat
